137
177
165
247
191
173
249
147
107
25
102
10
45
135
190
26
227
150
81
172
239
144
43
164
141
47
241
54
204
131
163
42
203
61
63
151
67
72
98
92
74
79
212
15
83
118
185
37
70
12
251
99
68
223
119
240
216
158
114
143
188
101
156
230
166
90
209
261
28
201
139
234
36
220
160
115
4
232
259
257
22
183
248
65
242
9
6
170
95
174
96
85
221
46
184
145
48
51
77
88
222
200
252
122
228
194
264
224
16
244
62
59
116
56
154
2
24
14
21
52
258
31
64
176
130
149
93
167
30
237
100
193
29
205
84
94
109
113
263
260
226
33
159
210
169
161
134
57
86
126
3
246
196
123
253
60
197
255
235
182
146
5
186
53
245
238
236
132
140
254
192
262
225
38
20
111
229
171
124
206
1
120
41
213
50
78
112
180
27
162
152
217
187
265
218
214
243
7
148
127
179
44
142
32
168
207
128
49
121
91
219
82
19
69
40
75
89
97
80
138
76
106
198
34
17
233
181
157
18
55
136
155
71
256
215
231
35
117
133
178
73
8
87
13
66
108
153
250
39
189
175
129
208
11
195
125
211
23
202
58