141
39
252
52
227
217
203
172
162
205
166
83
33
64
55
164
193
226
222
54
138
13
70
188
259
213
46
245
224
195
119
189
133
243
88
38
118
218
173
114
200
240
96
186
247
95
78
154
12
155
16
98
204
62
190
109
237
223
221
71
175
184
99
116
63
215
181
197
23
42
45
253
246
97
216
3
160
53
102
122
156
262
86
17
93
27
2
6
232
24
260
50
170
191
91
179
158
144
66
174
29
228
9
233
74
44
84
235
81
14
236
250
234
75
255
15
25
148
35
49
168
149
129
124
57
265
229
142
210
211
32
238
48
220
165
72
196
69
201
187
151
7
152
256
180
225
40
192
108
202
159
242
214
261
120
90
92
61
89
112
178
58
157
127
18
136
36
263
43
209
4
171
51
94
206
140
60
182
19
194
131
161
169
28
139
31
132
137
100
85
128
248
22
101
73
125
65
257
167
20
153
8
264
208
76
21
106
47
145
239
230
82
113
117
219
130
207
198
183
56
135
68
87
80
244
121
1
134
241
5
37
163
212
185
115
123
11
59
41
249
146
258
254
34
231
79
177
107
26
126
67
111
143
147
77
150
10
251